#PASS2_SF_ID  HMM_LEN  ENV_CORD_FR ENV_CORD_TO HMM_CORD_FR  HMM_CORD_TO  TARGET_COV QLEN   I_EVALUE
#--------------------------------------------------------------------------------------------------
6TRM_A 103565_pass24 64 1 64 1 64 1.00 64 6.2e-36
AEQ36754.1 103565_pass24 64 34 97 1 64 1.00 97 1.1e-44
CAG8930220.1 103565_pass24 64 34 97 1 64 1.00 97 2e-42
CRL27510.1 103565_pass24 64 25 88 1 64 1.00 88 3.8e-33
EMR61895.1 103565_pass24 64 28 91 1 64 1.00 91 4.7e-28
GAP92550.1 103565_pass24 64 28 91 1 64 1.00 91 1.2e-30
GAQ03892.1 103565_pass24 64 30 93 1 64 1.00 93 2.7e-32
GFF24784.1 103565_pass24 64 30 95 1 64 1.00 95 1.6e-10
KAB8073323.1 103565_pass24 64 30 93 1 64 1.00 93 1.3e-29
KAE8152744.1 103565_pass24 64 30 93 1 64 1.00 93 3.7e-32
KAE8158138.1 103565_pass24 64 30 93 1 64 1.00 93 3.4e-30
KAF2023425.1 103565_pass24 64 26 89 3 61 0.92 92 3.1e-13
KAF4159622.1 103565_pass24 64 30 95 1 64 1.00 95 2.3e-12
KAF4254186.1 103565_pass24 64 30 95 1 64 1.00 95 6.3e-12
KAF4258549.1 103565_pass24 64 30 95 1 64 1.00 95 5.3e-12
KAF4263169.1 103565_pass24 64 30 95 1 64 1.00 95 6.3e-12
KAF4284420.1 103565_pass24 64 30 95 1 64 1.00 95 5.3e-12
KAF4333130.1 103565_pass24 64 33 98 2 64 0.98 103 1.1e-15
KAF4440278.1 103565_pass24 64 33 98 2 64 0.98 103 2.4e-14
KAF4443194.1 103565_pass24 64 28 94 2 59 0.91 104 3.4e-14
KAF4765456.1 103565_pass24 64 25 88 1 64 1.00 88 4.1e-31
KAF4973430.1 103565_pass24 64 37 102 2 64 0.98 107 7.2e-16
KAF5706592.1 103565_pass24 64 28 92 1 63 0.98 99 4.4e-14
KAF7178942.1 103565_pass24 64 30 95 1 64 1.00 95 2.4e-12
KAF7519198.1 103565_pass24 64 25 88 1 64 1.00 88 3.8e-32
KAF7590406.1 103565_pass24 64 30 93 1 64 1.00 93 5.2e-31
KAF9772161.1 103565_pass24 64 28 94 2 60 0.92 107 6.7e-15
KAG2016839.1 103565_pass24 64 30 104 1 63 0.98 258 7.6e-25
KAH1277263.1 103565_pass24 64 30 93 1 64 1.00 93 2.1e-32
KAH1456405.1 103565_pass24 64 30 93 1 64 1.00 93 2.1e-32
KAH1660182.1 103565_pass24 64 30 93 1 64 1.00 93 2.1e-32
KAH6847626.1 103565_pass24 64 28 91 1 64 1.00 91 1.6e-31
KAI0011222.1 103565_pass24 64 28 91 1 64 1.00 91 1.6e-29
KAI0095572.1 103565_pass24 64 23 86 1 64 1.00 86 1.8e-28
KAI0404271.1 103565_pass24 64 26 89 1 64 1.00 89 1.3e-31
KAI0415510.1 103565_pass24 64 28 91 1 64 1.00 91 3.1e-31
KAI0479361.1 103565_pass24 64 28 92 1 64 1.00 99 2e-26
KAI0594683.1 103565_pass24 64 67 130 1 64 1.00 130 4.7e-29
KAI0874536.1 103565_pass24 64 28 91 1 64 1.00 91 4.3e-29
KAI1070458.1 103565_pass24 64 28 95 2 60 0.92 107 2.4e-13
KAI1084835.1 103565_pass24 64 28 91 1 64 1.00 91 4.3e-29
KAI1108720.1 103565_pass24 64 28 91 1 64 1.00 91 3.2e-31
KAI1125763.1 103565_pass24 64 28 91 1 64 1.00 91 6.8e-31
KAI1163523.1 103565_pass24 64 28 80 1 64 1.00 80 2.3e-19
KAI1181096.1 103565_pass24 64 27 90 1 64 1.00 90 4.4e-30
KAI1203483.1 103565_pass24 64 28 91 1 64 1.00 91 1e-32
KAI1433856.1 103565_pass24 64 28 91 1 64 1.00 91 1.6e-30
KAI1485404.1 103565_pass24 64 28 91 1 64 1.00 91 2.1e-29
KAI1630637.1 103565_pass24 64 28 91 1 64 1.00 91 2.1e-29
KAI1809758.1 103565_pass24 64 25 88 1 64 1.00 88 3e-29
KAI1820733.1 103565_pass24 64 31 94 1 64 1.00 94 6.3e-30
KAI2626790.1 103565_pass24 64 28 91 1 64 1.00 91 1.4e-30
KAI2637420.1 103565_pass24 64 27 90 1 64 1.00 90 3.4e-28
KUM61307.1 103565_pass24 64 25 88 1 64 1.00 88 2.2e-30
OQD69411.1 103565_pass24 64 25 88 1 64 1.00 88 1.2e-27
OQD87551.1 103565_pass24 64 147 210 1 64 1.00 210 1.3e-32
OQD87551.1 47616_d4f0ca2 137 1 125 18 117 0.73 210 4.8e-17
OQE05617.1 103565_pass24 64 25 88 1 64 1.00 88 1.6e-32
OQE27145.1 103565_pass24 64 25 88 1 64 1.00 88 2.4e-33
OQE40344.1 103565_pass24 64 25 88 1 64 1.00 88 3.9e-27
OQE83498.1 103565_pass24 64 25 88 1 64 1.00 88 1e-33
P83799.1 103565_pass24 64 1 64 1 64 1.00 64 2.5e-45
PLN78461.1 103565_pass24 64 25 88 1 64 1.00 88 2.1e-31
PNP81019.1 103565_pass24 64 33 98 2 64 0.98 103 1.4e-15
RWA10343.1 103565_pass24 64 28 91 1 64 1.00 91 3.1e-31
TVY67849.1 103565_pass24 64 33 98 2 64 0.98 103 2.7e-13
XP_001227832.1 103565_pass24 64 28 91 1 64 1.00 91 4.9e-31
XP_001257339.1 103565_pass24 64 30 93 1 64 1.00 93 1e-31
XP_002568323.1 103565_pass24 64 25 88 1 64 1.00 88 1.9e-35
XP_003666363.1 103565_pass24 64 31 94 1 64 1.00 94 1.2e-31
XP_016596324.1 103565_pass24 64 25 99 1 64 1.00 99 9.7e-28
XP_018142049.1 103565_pass24 64 28 91 1 64 1.00 91 5.4e-34
XP_022384435.1 103565_pass24 64 54 117 1 64 1.00 117 3e-30
XP_022487672.1 103565_pass24 64 28 91 1 64 1.00 91 1.9e-31
XP_024672065.1 103565_pass24 64 25 88 1 64 1.00 88 1.1e-30
XP_024684795.1 103565_pass24 64 30 93 1 64 1.00 93 2.1e-32
XP_024692107.1 103565_pass24 64 25 88 1 64 1.00 88 9.2e-31
XP_031014129.1 103565_pass24 64 28 95 3 60 0.91 107 1.3e-11
XP_031894445.1 103565_pass24 64 30 93 1 64 1.00 93 2e-30
XP_031928592.1 103565_pass24 64 30 93 1 64 1.00 93 5.4e-31
XP_033419288.1 103565_pass24 64 30 93 1 64 1.00 93 2.7e-32
XP_038930528.1 103565_pass24 64 25 88 1 64 1.00 88 2.3e-33
XP_040664003.1 103565_pass24 64 28 91 1 64 1.00 91 4.7e-30
XP_040669967.1 103565_pass24 64 25 88 1 64 1.00 88 5.7e-30
XP_040809944.1 103565_pass24 64 25 88 1 64 1.00 88 4.6e-31
XP_041553076.1 103565_pass24 64 28 91 1 64 1.00 91 4.3e-29
XP_041562070.1 103565_pass24 64 25 88 1 64 1.00 88 1.7e-30
XP_043161034.1 103565_pass24 64 30 93 1 64 1.00 93 1.5e-31
XP_045955665.1 103565_pass24 64 28 91 1 64 1.00 91 3e-28
XP_045978351.1 103565_pass24 64 28 94 2 60 0.92 107 3.2e-12
XP_731495.1 103565_pass24 64 30 98 1 64 1.00 98 5.9e-13
